महाराष्ट्‌ राज्य मार्ग परिवहन -नाशिक विभाग
दि.12.03.2025 सिन्नर आगार- नांदुरशिंगोटे बसस्थानक वेळापत्रक
| जाणा-या गाड्या. । गाडया ठिकाण येणा-या गाडया | जाणा-या गाडया गाडया ठिकाण येणा-या गाडया | जाणा-या गाड्या. । गाडया ठिकाण येणा-या गाडया
12.45, 19.45, चोळला 06.45,07.50, 13.50 — [08,00,09.30(ateart)),08.4] बारामती |17.20,18.10,19.35 00.15,01.00,01.15,01.25,0 00.30,01.00,01.30,02.00,0
19.45(नळवाडी) ara 5(राशिन मार्गे) अकलुज 1.35,02.05 ,07.00,07.15,08 2.30,03.00,04,00,04.30,05
13.00,19.45 07.00, 14.00 7(इस्लामपूर), 10.40 15.35,15.50 00 08.15 ,08.45 ,09.95 ,09, £00 05.30 ,06.00 ,06.30,07,.
_ — — 40,10.45,11.00,11.10,11.4 00,07.30,08.00,08.30,09.0
07-15,09.40,15.15,15.25, 11.20,11.40,13.45,16.30, = 6130. 19.40 13.00 13.20 0.09 30. 10.00.1030 11.00
wy 2 = 25 । y
ane श्रीगोंदा {179° 07.35 ,08.00,10.25,20.30 16.45,18.35,20.30,22.00] 14 99 ,14.15,14.30,15.15, ,11.30,12.00, 12.30, 13.00,
08.55,10.00,11.25,11.55, 08.05,08.55,09.35,09.45, log qq 9.15 04.55,20.30 15.30, 15.40, 16.40, 17.00, 1 aa 13.30,14.00,14.30, 15.00, 1
12.20, 12.45,14.45,15.45, 10.30, 11.00, 11.35, 12.30, aaa 7.15,17.30,17.45, 18.00, 18 पू 5.30, 16.00, 16.30,17.00,17
17.45,19.00,19.30,20.30 | नगर 13.30,17.30,18.30,19.50 [0745.11.00 ee .15,18.30,18.45,19.30,20. 30,18.00,18.30,19.00,21.
09.45,21.00 सांगली ,20.40,227.00
06.30,07.00,07.30, 12.30, 10.30, 15.00,17.00, 18.40, |13.30,15.00, 16.45, 18.15, 11.00,11.35,14.35,19.45
15.10, 16.30 पाथर्डी 19.00, 19.45 19.25 20.45
08.00,12.10,12.45,14.35, 10.55,11.30,14.05, 15.15, 19 45 06.45(faen wes 04.40,08.30, 10.20, 15.30, 1 04.30,09.00,10.30,11.15,1
15.15,18.10 — 17.00,20.45 5.45,16.55,17.30,18.30,21 1.45, 13.15, 16.15,17.30,18
30 45
17.00,12.45,15.00,21.00 | seen 08.40,09.45,12.35,15.40
a र ——— 18.15 कळवण | 15.35
07.15,08.25,08.45,09.15, 10.30,11.10,11.35,11.50,
11.00,11.15,13.40, 14.00, 12.50, 13.25, 13.30,17.25, — — - फ़्जाः य णा
15.05,15.15,15.50,16.35, | ब्रारनेर |17-45,19.50,20.20, 22.30, [98.30,10.15, 11.15, अ अ अ
6
06.00, मलकापूर 19
07.45,10.00,11.05 जामखेड |15-30,17.00, 18.10 01.00,08.30, 12.30, 14.30, 00.00,08.3,09.45, 14.30
पाटोदा/बीड साळी
08.45, 10.00 16.15,20.00
03.00,06.50,08.15,09.35, 02.30,03.30,06.35, 16.30, [01.00, 10.30, 12.00, 14.30, 23.45,07.30,09.45, 10.45
10.50 तुळजापूर 191.30 19.30 13.15
- - - - नवापूर
07.45,10.30,11.45, 13.20, aon |! 6.10, 16.50, 18.10,18.50,
21.30 लापूर 119.30
06.30,08.40,09.00, 10.30, 03.15, 13.45, 14.30, 17.30, —- a
11.00,20.00 WaT 0 30,71.00 v.25 PRS ats
CE Scanned with OKEN Scanner
