महामार्ग बसस्थानक वेळापत्रक
6.00,7.00,8.00,9.00,10.00,12.30,16.30, 17.30 inl Ntacitt =: 117.00, 18.00, 19.00, 20.00,21.00, 10.30, 11.30, 14.30, 15.
(3 शिवाई) 14.30, 15.30(शिवशाही) 11.45 (साधी) 30 ई शिवाई 12.30,13.30 शिवशाही 11.30 साधी 12.45
a
22.30 (शिवशाही) 0,21.30,22.00
10.10, 12.30,23.30,00.45,01.30,02.00 साधी
5.30,6.00, 10.30, 11.00, 11.30,15.00,16.15, 9,15,9.30, 13.45, 14.15, 15.30, 18.15, 19.30,21.15,
18.00,18.30, 19.30 22.15,23.15
14.30,15.45,17.00,20.30
aie
a
अनन
क
 क्लेकल |
कने
कि
7.30, 8.30,9.00,9.15,9.45,10.15,10.30,10.45,11 र बस |9.45,10.45,11.30,12.00,16.15,16.30,18.00,19.15,20.4
.45,12.15, 13.15, 13.30, 14.15, 15.00,16.00, 16.30 522.45, 12.00, 12.30, 13.00,20.30,21.00,22.00,22.30,2
,18.00,19.00,19,15,19.30 नगरसुल 15.30 3.30
6.30,7.00,8.00, 15.00,15.30, 16.30, 17.00,
| —
का
०

CE Scanned with OKEN Scanner
