महाराष्ट्‌ राज्य मार्ग परिवहन -नाशिक विभाग
दि.12.03.2025 सिन्नर आगार-वावी बसस्थानक वेळापत्रक
जाणान्या गाडया ठिकाण येणा-या गाडया जाणान्या गाडया ठिकाण येणा-या गाडया
07.30,08.30,09.30, 11.30, 07.00,08.00,09.00, 10.00, |09.30,09.45,14.30,15.15, 01.00,04.45,11.55,13.15,
12.30, 13.30, 14.30, 15.30, 11.00, 12.00,13.00, 14.00, |17.15,20.45,22.05 14.45, 15.25, 19.30
; 5 मुंबई सेटल
16.30, 17.30, 18.30, 19.30 । sa. | 15.00,16.00, 17.00, 18.00 मुंबई He
08.45,09.15,09.45,10.00, 08.25 ,08.40,09.00,09.10,
10.15,10.35,10.45,11.40, 10.05, 10.10, 10.25, 10.30, 17.45
14.15, 14.45, 15.00, 15.45, 14.10, 14.25, 14.40, 14.55, 5 च्च aa
16.00, 16.15,16.30,17.35, 6.00, 16.40, 16.55 17.10, 9 | SA
18.15, 18.30, 18.45,19.15, | झडी |17.40,18.10,18.25, 18.55, 14.45
19.45,20.00,20.30,21.00, 19.25,20.10,21.25 06.50,07.50, 08.30,08.45,
21.45,23.00 15.00,16.45, 09.00, 17.00,
17.30 18.35
त्र्यंबक
21.00,22.00 02.15,04.00 07.15,09.15 15.00,20.45
CE Scanned with OKEN Scanner
