division: ahilyanagar
pdf: अहिल्यानगर_विभाग_वेळापत्रक.pdf
page: 2
board: Ahilyanagar | अहिल्यानगर
depot: Tarakpur
note: Tarakpur / Swastik bus stand, Ahilyanagar — departures, sheet 2.
rows:
अहिल्यानगर - कोल्हापूर 06.30 07.30 08.30 08.45 09.30 11.30 19.55 20.30
अहिल्यानगर - छत्रपती संभाजीनगर 00.00 00.30 01.15 02.45 03.00 04.00 04.30 05.30 05.45 06.00 06.15 06.30 06.45 07.00 07.15 07.30 07.45 08.00 08.15 08.30 08.45 09.00 09.15 09.30 09.45 10.00 10.15 10.30 10.45 11.00 11.15 11.30 11.45 12.00 12.15 12.30 12.45 13.00 13.15 13.30 13.45 14.00 14.15 14.30 15.00 15.15 15.30 15.45 16.00 16.30 16.45 17.00 17.30 17.45 18.00 18.30 19.00 19.30 20.00 20.30 20.45 21.15 22.00 22.30 22.45 23.00 23.15 23.45
अहिल्यानगर - बीड 00.45 02.15 08.15 09.00 09.30 10.15 10.45 11.15 11.30 12.00 12.30 14.30 15.00 15.30 16.15 16.45 17.30 18.30 20.00 21.00
अहिल्यानगर - अंबड 01.45 12.45 18.00 20.30
अहिल्यानगर - गंगाखेड 08.30 12.30 23.15 23.45
